10
gi|45501024|gb|AAH67222.1|        0.0000000 0.0000010 0.0000010 0.0000010 0.1037693 0.1037693 0.1369563 0.1148634 0.0815240 0.0815240 
gi|2247799568|gb|KAI4013178.1|    0.0000010 0.0000000 0.0000010 0.0000010 0.1037693 0.1037693 0.1369563 0.1148634 0.0815240 0.0815240 
gi|2247799569|gb|KAI4013179.1|    0.0000010 0.0000010 0.0000000 0.0000010 0.1103502 0.1103502 0.1457675 0.1099756 0.0866021 0.0866021 
gi|2222454529|gb|KAI2545251.1|    0.0000010 0.0000010 0.0000010 0.0000000 0.1103502 0.1103502 0.1457675 0.1099756 0.0866021 0.0866021 
gi|114051487|ref|NP_001039526.1|  0.1037693 0.1037693 0.1103502 0.1103502 0.0000000 0.0000010 0.0299710 0.0300673 0.0913149 0.0913149 
gi|194018698|ref|NP_001123442.1|  0.1037693 0.1037693 0.1103502 0.1103502 0.0000010 0.0000000 0.0299710 0.0300673 0.0913149 0.0913149 
gi|3027890733|ref|XP_075408838.1| 0.1369563 0.1369563 0.1457675 0.1457675 0.0299710 0.0299710 0.0000000 0.0610302 0.1235707 0.1235707 
gi|308081835|ref|NP_001183974.1|  0.1148634 0.1148634 0.1099756 0.1099756 0.0300673 0.0300673 0.0610302 0.0000000 0.1240286 0.1240286 
gi|1984064454|ref|XP_039329590.1| 0.0815240 0.0815240 0.0866021 0.0866021 0.0913149 0.0913149 0.1235707 0.1240286 0.0000000 0.0000010 
gi|1984054448|ref|XP_039326698.1| 0.0815240 0.0815240 0.0866021 0.0866021 0.0913149 0.0913149 0.1235707 0.1240286 0.0000010 0.0000000 
